00010101000010010000000101000010000100110000010100111010001100000000000100010111010001110000101100011001000000100000110000000111000001000101000100100110001010100010100000000000000111110000100000011100000100010000011100000010000001010001110101000010000010100001000001010110000001110100100000011101000010000001001000011110000110010001111100001110000010110010001100101001001100100010101100111110011100110010000100110110001001000001000100000110000101100001001001000100000001000011101000110001000001000000001100010110
00001000000011110001000001000010000000000000010000100001011001000000001100011100000100010001110100011111000011010001010100000111000110010000010101100101001100010010111000010010000111110100000100011111000001010000000001001011000111010000000100001011000101110001011100010011000010000100100000010001000111010101010100000100000110000001110001000111000010100010001100100000001011110010100100101001001110100010101100100011011001010001100000010100010100110000001000001100000000110111011000101010000000000000011100001101
00001110000011110001011101000010000000110001100000100111001001010000011000011111000011100000101100000101000011100001110100001100000000110101000100101100001100010110011000010000000001000000111100011100000001010001101000000101000110010101001100010001000001100001010100010011000010000100100000010001000110110000000100011001000100110001010100000010000110110110011000110011001011100010011000110011011100110010000100100001001100010001011000011011000111110101011000010000000011100011001101100100000001110000000100000101
00001100000001000001001100001101000101000000000001110011001010110000001001010011000100110001000000001000010000110001111000000111000100110001010000110111001001000010101001010011000011000000111000011110000000010000000100000101000001110001011000001100000101110100001100011001000000000100100000000100000000010001000001010000000001010001011100001110000111000010001100100011011001100011010000110011001100100011000100100001001101100101011100011101000101010101011000000101000010110011001100110110000010000001000000000101
01000001000101010000110000000111010001100000100000111100001010100001011100000111000011100000110000011000000101110001000100001101000110010101000100101010001100000011001000011111000000100000111100001101000101110101001100011111000000100001011001000010000101110000101100000100000000110000110101010000000010110000011100010001000111100001101000001111000011010011010101100111001010010010000101100111001101000010101000110010001000000000010100011100000111100001001100001010000100100111011000100001000110010001011000000111
00010100000101010000110100010100000000110100101100111111001000010000001100011010000101000001010000001100000101110001000100010100000100100101000100100100001010110010001001010011000000010001010000001100000011010001000000000010000010110001111101000010000000100000110100010010010001100001110000011000000011000001110000000010010100000000101100000010000110110011011000100010001001010011001100101110001001010010000001100100001101010001100000000101000101100000010000010111010001100011011100101010000001010101001100010110
00000100000100100001010000001101000010000001100000111010001001100000110100011111000011100000110000000100000001100000101101000010000111100000010101100101001001000010101000000000000001000100000100001101000101110000011100001010000010000001111100001011000100000000101100010011000101010100100000000100000000010001000001010000000000110000000000010100000111000010001100101010011001100010100000100001011100110010001100100001001000010001001000000000000100100001101000001101000101010011101101100100000011100000011000010000
00001101000010000000101000000111000101010100101100100111001011000000000101010011000101110000101000000010000000000001110100010001000001000101000100100011001010100011010001010011000010100000110000001101000010100001011100000010000001000001010001000010000101110000101100010011010001100000101100011111000001110000011000000100000110010000110100010010000111000010111100101000001010000110011100100110001111010010000101100100001010100000001000000110000111110001111100001010000000110010010101100100000101010001101100000001
01000001000100010001011000001101000100100000111000110000001100000000110100011100000010010101100000000010000001010101100000001011000110010001010100101100001100110010111100010111000111100000000000000100010001000000000100000010000011010001101100010110000100000100001100000101000100110000101100011000010010010001010000000011010100000001111100010101000011010010001100100011001010010010101001100111001111000010001101100100001101100000011100010111000101100001010100001100010001100010010000100001000011010001101000000011
00001000000011100000101001000010000001110000010100110111011001000001000000011011000000100101100000011101000100010001110100010001000001000101000100110001001011010010001101010011000011010000100000011010000101110000011101001011000010110000000100010110000010100000000000011010000000110100100000011111000011110101010100000100000110000001110001000111000010110010100100101001001101010011001100101110001001110011000000110000001011000001100000011100010100110001010100001011000100000011001100110110000100100101001100010000
00001001000001000100010000001110000000110000110000111010001101110000100000010010000100110001000100011011000001100101100000000000000001010001000000101011001001100010111001010011000111110000100100001101010001000000001100011001000000110001110100000001000010100001001100010111000010100100100000011101000000000000011000000011000110010001011000001001010010000010100100100001011001100011001100101111001110100011011001100100001001110000010100010011000111010001010100001100010001100011111100110111010000010000011100001011
01000001000011000000010100001001000000110100101100111111001001010001001100000000010001110001101100000010000011010001111100010000000100100000001000110110011001010010111100000000010010110000110000001001000000000001011001001011000111110000001101000010000011000000010101010110000100100000000000010101010010010001110100011111000001010000101000000010010010000010100100100001011001100011010100100010001000110011011100100001001101100001001000011100000001110001011100010000000011110010000000100001000100100101001100000101
00001111000001010100010000010110000011100000111001110011001101110000000100011101000001100000110000001000010000110001101100001101000110010001011000110111001000000011010100000000010010110000100000011011010001000000011100000011000011110101001100000000000011000000011100001111010001100001110000011000000010000000000101010000000000110001000100000110000001000010101001100111001000100011010100100110001101010011000101100100001001000001100100010110010100110000011000000101000101010010010101100100000011010001001000010011
00010010010000010000011000001101000101000001100100111100001100110100010000011110000010000001011000001000000110100101100000000100000110000000001101100101001100010010111000010110010010110001010000000110000011010000011100001110000011100101001100010001000101110000001000000010000000110001101101010000000011010001000000010011000111000001100000010101000011010110011000110000001001110011010101100111001100100010101100100000011001010000010100010011000110100000010100000001010001100011011101100100000011000001101000001000
00001000000101010000010100010000000111110100101100111010001100000100010000010010000010110000101100000010010000110000111100001101000001010001101000110110011001010010010000001010010010110000110100000001000010010001101000011111000000110001110100000101010000110000001000011000000000100100100000010010000010000001100100010001000111100001101000001110000001100010000101100111001100100010111100100010011100110011010100101011001100100001001000000000010100110001100100000010010001100010001000101100000001000101001100001011
00010101000010010000000100010000010001100001111100100100001010110100010000010101000000100001110000001000000100010001100100001110010101110001001100110111001001000010100000010000000000110000010000011011010001000000011100000011000010110000011101000010000011100000001000011101000000110100100000000101000110010101010100000100000110000001110001000111000011110010100100110001001000110011010100101001001111100010000000101010001100010101011100000110000110110001001101000100000011000010001100100000000010000001000000001101
00000000000011010100010000000011000010000000111101110011001100000000110000010110010001110001110100010101000001100001101100010111000000110001100000110011001000000110011000010001000110010000000000000110000001110001101100001110000110010101001100010110000010110000011001010110000101010000110100010011000001100001101100010100010100000001100000010101000111000010111100100100001010100010001001100111001101100011011000110000001001000001010100011110000110100000010100001100000000110010010101100100000101010001101100000001
01000001000100010001011000000111000101010000001000110111001000010000101000010000000111100101100000001100000100000101100000010110000111110001010001100101001011010010001100010010000011110100000100000111000000100101001100011111000000100001011001000010000001100001101100010011000001010001110100000100000000000000001100010101010100000001101100010101000010010010100000100100001011100110011100101000001101010110010100110000001011010001001001010010000101010001001100000000000000110010010000100101000011010101001100000011
00001110000101110000000100010000000010000000011000110110001010100001000001010011000100000001000100011001000010110101100000010110000111110001010001100101001101010010100100000100000011100001001101001000000100000001110001001011000011110001110100000100000011000001000100010101000000110100100000011100000010000000001000000011010100000000100100000110000110110011010100100010001000100110011100100101001010100110010100100111001010100001100100010101000000010001001100010111000101010111011000101101000101010101001100001011
00010100000101010000100000001011000010000000111000100000011001000001000000011011000000100101100000011101000011000000111100000111000001010000001001100101001001000010100000010111010010110001001100001101000101110000001100000100000001000000000000001011000000010000101000011010000011110001110000011001000011000000011001010000000111110001111101000111000111000010111000100010011001100011011100110101001101100011011000101101001000010001001000011100000001110101011000010000000011100011001101100100000101010001101100001101
00010011000001010100010000000011000101000001111100111010001001110000100000010110010001110001110100011110000101110001100100000000000110110001100000110110001011010010001100000000010010110001010100000000000000010101001100011000000111110000001100010000000001100000111000010011010001100000101100011111000111000000011100000100010100000001100000010100010010000011001000101111001000110110011100101111001110100010001000101100001000000000010000000110010100110001010100001011000100110010010000110000010000010001101000001010
01000001000101010000110000000111010001100000011100110010001010100000000001010011000100000001000100011001000010110101100000010110000111110001010001100101001101010010100100000100000011100001001101001000000100000001110001001011000000110001110100010110000001100001000100000110000101000000110100000100010010010001010000011110000101000101100100000110000110000011011000101011001111110110011100110011001110110010000001100100001001100001100000011100000000000000001000001101000100100010001100110000000010000001110000001010
01000001000000000000101000000110010001100000110100110110001000000000000100000001000001100001010001001101000011110001100100010101010101110001100000110001011001010010100100000110000111110000110100000001000010100001011000011000010010100000011100001010000001100100001100000110000010010001111100010101000110110000011001010000000100010001011100000011010010000011010000100010001101010011011100101000001111010011011000101101001001110001111000011110000110100000001000001101000000110010010101100100000011100001010101000100
00010101000010010000000101000010000011000001111000110111001011010000011100011010000001100000101000010100010000110000110000001010000100100101000100100011001010100011001100000001000111110000100101001000000001010000000100011111000000110001000000001110000001100100001100011001000100110001110000011100000000000001101100010101000000110101100100010011000000000010001101100111001101000010001000101011001100100011000100101101001010100001100100000001000110110001111100010100000101010111011000100110000001000000011100010011
00000100000001000000101001000010000100100000001100110110011001000001011100000111000001100000110000001000000100000101100000000011000110010001010101100101001100010010111000010110010010110000011100001101000000000001011000011001000010110001111101000010000001000000110000000000000000110001101000011110000001000001000000011110000001000101100100001110000001100010010100101011001100110010001100101110001111010010001001100100001101110000001000011110000101100000010101000100000000000011100100110110010000010001001000000000
00001100000010000001000000010110000011110000010100110100011001000000101000010110000100000101100000011110000101110001100100010110000100100000001001100101001100010010100101010011000111110000100100001101010001000000011000000101000000110001110000001100010000110001011100011110000000110100100000010110000000000001001100000100000110000101100100000110000110100011001000101110001001010010101100100010011100110010101000110001001100010001101100011011000111010001001100010111010001100010001000101100000001000101001100010100
00010011000011100000011100000111000101010001100001110011001000100000101100000001010001110001100100000000000001100001011000000110000111100001111100100010011001010011001000011011000011100100000100001011000010110001110100011000000111100001101000010110000101100001011100011111000010010000011001010000000111100001110100011001000100110001000101000111000110100010001100110110001100110010111000110101001101100011011001100100001100010001111100010111010100110001011100010100000101100010010000101011000101110001001000001000
01000001000011100000001001000010000100100001110000111100011001000001000000011011000011100000101000001001000100000101100000001101000100010101000100100110001010100010100000010100000110010000010000011011000101110101001100001010000001000001011101000010000101110000101100000100000000110000110101010000000011110001101000000101000000100000110100001111000110110110011000101000001000000110011100110011001110110010000001100100001101100000001100010011000001110001001100010111010001100010001000101100000001000101001100010111
00001000000110010001000000001010010001100000101000100001001100000000110100010000000010110001110101001101000001100000101100010110000101100001001100101001001011000011010100011011000011100001001001001000000100000001101100001110010010100001000000001101000011010001000000000010000011110001110000000101000111010001110000011111000111100101100100000110000001100010001001100111001000000010001000100011001101100011011100100101001010010101011100011110000100100000000100010111010001100011011100110111010000010000011100001100
00000100010000010001011100010111000101100001100100110110001010010000000101010011000010110001100100011010010000110001011100000100010101110000010100101101001000000110011000011111000010100000111100001100010001000001001000000101000011100101001100010000000001100001001000000011000011110001101000010101000110100101010100000011000001000001100000010011000011010110011000101101001100110010001100100000001101100011011001100100001100010001100001010010000001100000011000001100000010010011101000100000010000010000011100001100
00000100000011000100010000010110000011100000111001110011001101110000000100000101000000100001011000011001000010110101100000000011000001010000010100101100001001100010101000010110010010110000111000011101000100000001111100000010000001000001011000010001010000110001011100011110000000110100100000000000000110110001101000010011000101010000101000010100010010000010000000101000001101000110011100110101001100100011000100101101001000110000111000011011000111010001000101000100000100100011111000100001010000010001000000001011
00001111000100100001000000001011000100100001111000100111001011010000101100011101010001110000111100000101000010100001101100001010010101110000001100100000001101000011001100011010000110010000010000001100010001000000011100000011000011110101001100000011000100110001001100000100000010010001111000010001000001010101010100011111000101100101100100001001000000010010100000100010011001100010100000100001011100110011000100101100001000000101011100000110000110110001111100010110000100100011001100100001000011110101001100010111
00010101000000000001000000000111000101010100101100110010001100000100010000000111000011110001110101001101000101110001000100001111000100100101000100110001001011010010001101010011000111100000111100000001000100000001011000001111010010100000000000010110000000100001011100010011000101010100100000010011000001100001101100000011000001000001000000010011000111010011001000101110001010010010100101100111001100000010101000101010001100010001011000011011000111010000010101000100000100100010000100100001000011110000011100011101
01000001000100100000000100010100000000110000010101110011001001010000100100010110000010010001110000000000000001100001011000010110000001000101000100110010001011010010111100010000000000110100000100001001000101100001011001001011000010110001011100000110000010100001011100011111000010010000011000000011010010010001101000000010010100000001101000001111000010010010100000100000001000110011010001100111001001110010101001100100001100010001111100010111010100110001100100010110000011110011000100101101000011110001001000001000
01000001000000000001011000010110000011110000100000111111001000010100010000000111000000100000000000011001010000110000110000001010000100100101000100100011001011000011010000000000000111110100000100011100000000010001110101001011000010110001111000000111000011010000011100011011000000110000011000000100000110100101010100011011000111100001011000010000000001100110011000100110001101010110011100110011001110110010000001100100001001110001111000011110000111110101011000001011000000000111011000110110000010000001010000001100
00010101000100100100010000010101000000110001100100110110011001000001011000010010000100110001000100001011000010100001110100000110010101110001100000101011011001010010011100011101000011110100000100011000000101100001110000011111000011110001000000010110010000110001011100011110000000110100100000000010000000000001001000011000000001000000101001000111000001110010000001100111001001010010111000110011001110100011111100100001001010110000010001010010000111000000010000001101000000010011111100101010000000000001111101000100
00000010000011100001010000001011000000110001100001110011001010110000001001010011000100110001000000001000010000110000110100010001010101110001001000101010001010110011010100000111000000100001010100011101000100000001101000000100000001000101001100000011000011010000011101010110000100100000000000010101010010010000000100000111000101010001011100010011000100010110011000110100001000110011000100100010001111010110010100100101001010000001001000011100000101110001101100000001000010000010001000110111010000010001001000010110
00000100010000010000110000000111000010100000111101110011001001010001000001010011000100110001000000001000010000110001011000000011000000110001100000101010001010110010011100011111010010110000000000011010000001110001101100000010000111000001011000010001010000110001011100011110000011110001101101010000000000000000011001010000000100010001011101000111000001110011000000100010001101000011000100101110001101100011001001100100001010100001000101010010000001000001111000000101000100100111011000101101000100100101001100000111
00001110000101110000000100010000000000110000111101110011001011010000101001010011000000100001100100001110000010110101100000001101000100010101000100110001001011010010001101010011000110000000010000011110000000010001110101001011000010110000000100010110000010100000000000011010000000110001101101010000000110100001110000010111000111100001110000000011010010000010100100101001011001100011010000100010001000110011000100100001001010000001010100010111000000010101011000000101000010000011001001100100000100110001001000010000
00001000000001110000110100000111000000100100101100111100001010100100010000011001000100100001011000001000010000110000110000001010000100100101000100100110001010100010100000000000000111110000100000011100000100010000011100000010000001010001110101000010000011000000010101010110000100100000000000010101010010010000000000011110000110010000110100000010000011000110011000110100001100100010011000110011001101100011011001100100001001100001100000011100000001110001011100001101000010000010010101100100000000000101001100010100
00010011000001000000010100001111000001000000011100110110011001000000010100011101000000110101100000011110000001100000111000000111000110010101000100100100001101110011001000011010000010000000110100001101000101110101001100011111000000100001001000010110010000110000011100010011000101010000101100000010000000000001011100010101010100000000110100001111000011010110011000110000001001110011111001100111001001110010110100100001011001010001000000011101000001010001001100010110000010000011101100100001000011110000011101000100
00001000000100100100010000010001000100100001100100100110001001110001000000000110000101010001110100001001010000110001100100001100000100110101000100101101001010100011000101010011000000100001010101001000000010110000001100001110000110000001001000010110000001100001000001010110000100100000000000010101010010010001001100011001000000100000101000010011010010000011001000101111001101000010001000100010011100110010010000110110001100010001111000010001000111110001001100010111010001100011001100110111000101010001001000000110
00001101000010000001011100001010010001100001111100111011001000010100010000000111000011110000101000001000000001100101100000000000000001010001000000101011001001100010111000010110000110000100000100000111000000100101001100001100000001010000010100000111000100010000110100011011000000110000011000000100010010010001010000011110000101000101100100010011000000000010001100101110001101000110011100110111001111000011001000100001001101110000010001010010000111110001001100000011000011110010010100101000000000000000011100001101
00010111000001000100010000000001000010010000010100110100001101100000000100000000000101000101100000001000000110110001110100000001000000100000010100101100001100110010001101010011000001000000011100001110000011010001000000001110010010100001110000000100010000110001011100011110000000110100100000000000000110110001000000000011000110010001110100000010000001100011001001100111001001110010100100100011011100110010111100110001001000010001111000010001000110100001011100001000010001100011000000100001000001010001011000010110
00000000000011010100010000000001000010010001111000100001001100000100010000000000000111100000101100011001000001100001010101000010000000110001100100100000011001010010010100011100000001010001001000011100000011010000011100011110000111100001101000001101000011010100001100011001000000000100100000000100000000010001000001010000000001010001011100001110000111000010001100100011011001100011010000110011001100100011000100100001001101100101011100011011000000000101011000000101010001100011001000101011000000100000011000001001
00000100000011110001000001000010000100100000001100110010001100000100010000011011000001100000101101001101000001000000110100001011000100110001010000100001011001010011001000011011000011100100000100001011000010110000011000000101000111100000000100011011010000110001011100011110000101000000011100000101000011100001110101010000000111010001011000010101000011010110011000110011001011100010011000101001011100110011000100110011001010100101011100010001000101100001100000010000000100110010010000101101000001000000000001000100
00001110000001110100010000000101000101000000010000100100001100000000110001010011000001100001011000001001010000110001101100001010000101100001111100100010001000000110011000011010000111110100000100011010000000010001111000001010000000110001110100010001010000110000001001010110000010100000000100000110000000000001101100010111010100000000101000011110000001010010010000101000001010100110011100101000001101010110010100110000001011010001001001010010000100000001100100010001000010000010001000110110000110000000000001000100
00000010000011100000100100001111000011110001111100111110001000010000101000000111010001110000110000000010010000110000110000001010000100100101000100110111001100000010101000010110010010110000111000001110010001000001111100001010000111010101001100000011000011010000011101010110000100100000000000010101010010010000010100000010000110010001011100000100000000010011011000101011001000110011010001100111001111000010001101100100001000010001001000011111000111000001010100010110000001110011010100111101010000010001101000010000
01000001000010000001011101000010000001110100101100110111001010110000011100000110000010100001110100000011000101110101100000010110000111110001000000110001011001010010111100000000010010110001001100001101000100100001011000011001000011110001011101000010000000010001101001010110000001110000010100010101000110110001110000010011000100010001011100010100010010000010011100101001001000100110011100110100001001110011000000100000001011000001001000010110010100110001010000011101010001100010011000100001000011100000001100001000
00000100010000010000010100010000000010010001111000111101001000000100010000000111000011110001110101001101000101000001011100010000000110110001010101100101001011000011001001010011000000100001001001001000000100000001101100001110010010100001110000001110000001110000011000000101000100100100100000000111000110110001110000000100000001000001110000001001010010000010010100101000001010000011010000110011001110100011000100110001001100010001111000011101000111010101011000001101000010000111011000101011000100010001011000010110
00000000000101010000110100001101000010000100101100100111001010110000000000010010000111100101100000001100000011010001110001000010000111100000010101100101001001100010100100011101000111110000100000000110000100010001011000011000010010100000011100001101010000110001000000010011000101000001111000010101010010010001010000000011010100000001100001000111000001010010100100100011001000110010101101100111001101010010101000110110011001010001100000000110000110110001001100010110010001100011100000100101000101010001101000001011
00001111000100100100010000010110000011100000111001110011001001110000101100011101000101000000110000000100000101110000110100010110000111100001111000101011011001010010111100000000010010110001010100000000000000010101001100011000000111110000001100010000000001100000111000010011010001100000010000010001000111100101010100011111000101100101100100010011000000000010001101100111001010100010011000101001001101110110010100100101001010110001001101010010000110100000001001000100000011110010010101100100000101010001101100000001
01000001000001110000101100010111000010000000111100110010001100000000110100011100000010010101100000000010000001010101100000010110000111110001010001100101001001000010101100010110000110010000100000001011000001010001110101001011000001100001011000000101000000100000111101010110000101010001000100000011000111010001000000011101010100000001000000010011010010000011011000110101001010010011000100101110001101110010000000110111011001010000001100011010000101100101011000000010000101000011011100101001000001000000010000001011
00010011000010100100010000000100000010010001100101110011001100000000110000010110010001110001011100011111000001000001100100001100000111100000101100100100001100010010111100011100000001010100000100000111000000100101001100011111000000100001011001000010000101100000110100011111000100100000110100010100010010010000011000000100000100010000110100000010000110110110011000100000001010010011000100100010001000010010101100101001001000000001100100000110010100110000001000001100000000110111011000100000000011100001000000010001
00001100000001000000101000010110010001100000111100110110001000100000110100011101000000100000101101001101000101110001000000000111010101110000010100101101001101110010001100010110010010110000110000001001000011010001110101001011000010000000000100000011000011010000000000011110000000110001101101010000000001100001001101010000000101110001011000010001000011010011010000101001001010110010001000101001001001110110010100110000001011010001001001010010000111110001001100000011000011110010010100101000000000000000011100001101
00010111000001000100010000000000000101000000101000111101001001110000110001010011000100110001000000001000010000110001110100011010000100100001001000110000001100010010111100000101000011100100000100001010000101100001001000000101000010010001101101000010000000100000110100010010010001100001110000011000000011000101010100011010000001010001110100001110000010110010111100100110001010100110011100100101001000010010010000101010001001100001111101010010000110100000001001000100000010010010001100110000000011010001101000001010
00000100000100100100010000010110000011100000111001110011001101000000101100000100000000100000101000011110010000110001011100000100010101110001010000100100001001100010111001010011000010010001001100001001000010100001000000000011010010100001001000001100000001110100001100011110000010010001111101010000000111010001110100010101000010010101100100001110000001100011001000100010001101000010011000100100001001110110010100110011001011000000001100011010010100110001001100000101000001010011111001100100000011100000011100001100
00000100000100110100010000010110000011100000111001110011001001110000101100011101000101000000110000000100000101110000110100010110000111100001111000101011011001010010011100011111000110000000111001001000000010110000011000011111000001100001101000001100000001100001000001010110000100100000000000010101010010010000011100011001000101110001000100010011000110110110011000100110001010000010001101100111001000010010000000110111001101010001100000011100000000000001111100000110000011110011101000101101000101010001101000000001
00010010010000010000101100000100010001100000001000111101001000000000110100000101000011100001110000011000000000100001010001000010000101000001100000110001001011000011110000010110000001010001001001001000000011010000011101001011000011010000011000000011000100010000001000011000000100100000110100010101000110100101010100010010000100010000101000001110000010110110011000110101001011110010000000101111001001110011011001100100001101100000001000010001000110110101011000000101000101010111011000100010000100110001011000000001
00000101000011100000100101000010000010010000110101110011001101110001010000010110000000100001101100000101010000110000101000000111000110110001100000100010001011000010100100011101010010110000000000000110000000000101001100011111000000100001011001000010000100110001000100010011000101010001101101010000000000000000000101010000000100010001010100010100000001110110011000110111001101000010100000110001001110100010000100100001001101100101011100010100000111000000010001000100000100100011111000100001010000010000001100010110
00001110000101010000000100000001000100100000001000111100001010100100010000011100000000010101100000011101000100010001011100010010000100100000001100110001001111000110011000000001000000100000011000000000000100000000000001001011000010110001110100000110010000110001011100011110000000110100100000000010000000000001001000011000000001000101100100010011000001110110011000100110011001100010000100100110001110100011011101100100001100010000010100011011000100100001101001000100000100100011111000100001010000010001000000001011
00001111000100100001000000001011000100100001111000100111001011010000101100011101010001110001000100011110010000110001100101000010000110110001100000110011001011000010100000010100010010110000010100000111000001110000011000000110000011110001110100010110010000110001011100011110000001110001110001010000000000010001010000000011010100000001101100000010000011010010100001100111001001110010101000100010001111010010000100100001001000010101011100000110000001000001001100001010000100100010111101100100000100100001011000010010
00000100000011110100010000010110000011110000011000110110001101110100010000000111000010000101100000011111000001100001111000001110000100100001001000110001011001010010010100011011000010100000111100001111000000010000000001001011000000110001110101000010000100000000110000010101000011110000110100000100000100000101010100010001000111100001110101000111000111000010111000100010011001100010100100100010001101100010000100110111011001010001100000010100010100110000001000001100000000110111011000100101000011000001011000010110
00001000000000100000010100001100010001100001101100110110001010110001010000011111000000100101100000011001000010110001110101000010000100010001100000110111001101100011001001010011000111110000010000000110010001000001001000000110000011110001110100000110000011100000011000011000000100100001101101010000000000100001101100011111000001110001011101000111000010010011010101100111001100100010111100100010011100110010011100101101001010010001101101010010000111000001000001000100000101000011111100100011000010010000011100010111
01000001000101100000000100010000000000110100101100110010001000000000000000010110000000110101100000000100000011010101100000000011000110010001010101100101001101010011010000011100000111110000010000001011000100000101001100000010000001000001011100001011000101010000101000010010000100110000100100011100010010010001100100011001000100100001110000010101000111000010111100100010001101010110011100100110001111010010000101100100001011110000001000000001000001110001111100000111000000110111011000110000000010010001011001000100
00000010000011100000101000010001000100100000001000100111001100010001000000011010000010000001011001001101000010100000101101000010000101100101000100100001001010100010010100000110000001100000010000000110000100000101001100011111000000100001001000010110010000110000101000000101010001100001101100000100000000000001100100011100010100000000101100000010000001000010001100110001001001110010100100110011011100110011000100101011001000010001011000001011010100110001011100001010000000100111011000100111000011100001110100010000
0000100000001111000100010000011100010101010010110010011100101011010001000001010000010010000100010000100100000110010110000001011000011111000101000110010100110000001010000001101000011111000001000000110001000100000000000001111100001011000001110000011100010000010000110001111100001000010010000000010000000001000100000101000000000011000011010100011100001011001000110010100100110010001100100011010100101010